CIV1169     8500    1167   1171 0.0 1167   0.0 1171 0.0 1.0 0.0
CIII1175    8500    1173  1178  0.0 1173 0.0 1178   0.0 1.0 0.0
OIV1340     8500    1327   1352 0.0 1327  0.0 1352  0.0 1.0 0.0
OV1371      8500    1360    1380    0.0 1360  0.0  1380 0.0 1.0 0.0
CIV1550     8500    1530   1566 0.0 1530  0.0 1566  0.0 1.0 0.0
HEII1640    8500    1634  1649  0.0 1634 0.0 1649   0.0 1.0 0.0
NIV1718     8500    1702   1732 0.0 1702  0.0 1732  0.0 1.0 0.0
NIII1751    8500    1746  1753  0.0 1746 0.0 1753   0.0 1.0 0.0
NIV3480     8500    3475   3488 0.0 3475  0.0 3488  0.0 1.0 0.0
H2_7       8500   3959.789 3981.164 0.0 3959.789 0.0 3981.164 0.0 1.0 0.0
HEI4026    8500   4017.922 4032.904 0.0 4017.922 0.0 4032.904 0.0 1.0 0.0
NIV4057     8500    4054   4062 0.0 4054  0.0 4062  0.0 1.0 0.0
H2_6     8500   4085.043 4119.004 0.0 4085.043 0.0 4119.004 0.0 1.0 0.0
HEII4200   8500   4192.119 4207.102 0.0 4192.119 0.0 4207.102 0.0 1.0 0.0
H2_5       8500   4324.565 4358.525 0.0 4324.565 0.0 4358.525 0.0 1.0 0.0
HEI4387    8500   4376.504 4392.086 0.0 4376.504 0.0 4392.086 0.0 1.0 0.0
HEI4471    8500   4466.4   4476.388 0.0 4466.4   0.0 4476.388 0.0 1.0 0.0
HEII4541   8500   4531.524 4549.103 0.0 4531.524 0.0 4549.103 0.0 1.0 0.0
NV4600      8500    4593    4625    0.0 4593 0.0   4625 0.0 1.0 0.0
HEII4686   8500   4674.956 4719.904 0.0 4674.956 0.0 4719.904 0.0 1.0 0.0
H2_4      8500   4845.558 4877.521 0.0 4845.558 0.0 4877.521 0.0 1.0 0.0
HEI4922    8500   4916.076 4928.062 0.0 4916.076 0.0 4928.062 0.0 1.0 0.0
HEII5411   8500   5402.11  5422.086 0.0 5402.11  0.0 5422.086 0.0 1.0 0.0
OIII5592   8500  5586.096 5599.081 0.0 5586.096 0.0 5599.081 0.0 1.0 0.0
CIII5696   8500  5689.175 5703.159 0.0 5689.175 0.0 5703.159 0.0 1.0 0.0
CIV5801    8500  5790.458 5820.223 0.0 5790.458 0.0 5820.223 0.0 1.0 0.0
HEI5875    8500  5869.965 5880.953 0.0 5869.965 0.0 5880.953 0.0 1.0 0.0
NIV6380    8500  6375.377 6387.163 0.0 6375.377 0.0 6387.163 0.0 1.0 0.0
HEII6406   8500  6392.157 6421.123 0.0 6392.157 0.0 6421.123 0.0 1.0 0.0
HEII6527   8500  6517.611 6535.191 0.0 6517.611 0.0 6535.191 0.0 1.0 0.0
H2_3     8500  6538.187 6605.11  0.0 6538.187 0.0 6605.11  0.0 1.0 0.0
HEII6683   8500  6667.037 6695.005 0.0 6667.037 0.0 6695.005 0.0 1.0 0.0
HEI7065     8500    7058   7074 0.0 7058 0.0  7074  0.0 1.0 0.0